13 4
13 4
13 4
13 4
12 4
12 4
11 4
10 4
10 4
9 4
9 3
8 3
8 3
8 3
8 3
8 3
8 3
7 3
7 3
7 3
7 4
7 4
7 4
7 4
7 4
6 5
6 5
6 5
6 5
6 5
6 6
6 6
6 6
6 6
6 6
6 6
6 6
6 7
6 7
6 7
6 7
6 8
6 8
6 8
7 8
7 9
7 9
7 9
7 9
8 10
8 10
8 10
9 11
9 11
10 11
10 11
11 11
11 11
12 12
12 12
12 12
13 12
13 12
13 12
13 12
13 12
14 12
14 12
14 12
14 12
14 12
14 12
14 12
14 13
14 13
15 13
15 13
15 13
15 13
15 13
15 14
16 14
16 14
16 14
16 14
16 14
16 14
16 14
16 15
16 15
16 15
16 15
16 15
16 15
16 15
16 15
16 15
16 15
16 15
16 16
16 16
16 17
16 17
16 17
16 17
16 17
16 18
16 18
16 18
16 18
16 18
16 19
16 19
16 19
16 19
16 20
16 20
16 20
16 20
16 20
15 20
15 21
15 21
15 21
15 21
15 21
15 21
14 21
14 21
14 22
14 22
14 22
13 22
13 22
13 22
12 22
12 22
12 22
11 22
11 22
11 22
10 22
10 22
10 22
10 22
10 22
9 22
9 22
9 22
9 22
9 22
9 22
9 22
9 22
9 22
9 22
9 22
9 22
9 22
9 22
8 22
8 21
8 21
8 21
8 21
8 20
8 20
8 20
8 19
8 18
8 18
8 17
8 17
8 16
8 15
8 14
8 14
8 13
8 13
8 13
8 13
8 12
8 12
9 12
9 12
9 12
9 12
9 11
9 11
9 11
9 11
10 11
10 11
10 10
10 10
11 10
11 10
11 10
11 9
12 9
12 9
12 9
12 9
13 9
13 8
13 8
13 8
13 8
13 8
13 8
13 8
14 8
14 8
14 7
14 7
14 7
14 7
14 7
14 7
14 7
14 7
14 7
14 7
14 7
14 7
14 7
14 6
14 6
14 6
14 6
14 6
14 6
14 6
14 6
14 6
14 6
14 6
14 6
14 6
14 6
14 6
14 6
14 6
14 6
14 6
14 6
14 6
14 6
14 6
